image_width: 640
image_height: 480
camera_name: DVXplorer-evo
camera_matrix:
  rows: 3
  cols: 3
  data:
    [
      684.38064063351692,
      0.0,
      323.65129675746670,
      0.0,
      683.53504408690924,
      240.44229828961969,
      0.0,
      0.0,
      1.0,
    ]
distortion_model: plumb_bob
distortion_coefficients:
  rows: 1
  cols: 5
  data:
    [
      -0.34042686140310485,
      0.18751181146805815,
      -0.0014979576278222565,
      0.00040019550292967631,
      -0.12305445729258059,
    ]
rectification_matrix:
  rows: 3
  cols: 3
  data: [1, 0, 0, 0, 1, 0, 0, 0, 1]
projection_matrix:
  rows: 3
  cols: 4
  data:
    [
      684.38064063351692,
      0.0,
      323.65129675746670,
      0.0,
      0.0,
      683.53504408690924,
      240.44229828961969,
      0.0,
      0.0,
      0.0,
      1.0,
      0.0,
    ]
